8.41
	2.88

4.87
	8.58

8.83
	1.50

6.84
	1.45

4.53
	2.81

5.77
	1.73

7.62
	1.22

6.39
	1.40

3.17
	1.42

4.92
	1.68

9.19
	1.29

3.81
	1.06

5.89
	0.81

4.23
	1.85

2.01
	1.73

2.66
	1.80

3.78
	0.89

3.79
	1.78

9.24
	1.38

5.52
	1.19

15.04
	1.89

6.02
	1.44

4.23
	1.27

2.40
	1.20

1.30
	0.96

6.33
	1.90

3.97
	1.14

9.87
	1.33

2.40
	1.17

1.52
	0.94

1.86
	0.97

4.14
	1.46

6.44
	0.85

4.35
	1.22

5.90
	1.57

4.26
	1.26

4.42
	1.20

1.58
	2.51

2.92
	1.05

3.55
	1.10

4.17
	1.13

1.67
	1.01

4.53
	1.09

2.65
	1.53

3.07
	1.20

3.98
	1.35

1.53
	1.00

2.04
	1.25

3.67
	1.45

9.11
	1.21

2.13
	1.53

5.49
	1.25

5.73
	0.99

1.76
	1.17

4.77
	0.98

3.73
	1.15

1.83
	1.91

2.96
	1.97

3.68
	1.09

3.29
	0.92

4.31
	1.13

1.63
	1.13

1.47
	1.02

2.95
	1.36

1.31
	0.74

5.17
	1.19

4.12
	1.13

5.30
	1.86

3.74
	1.17

2.88
	0.90

2.74
	1.68

1.52
	1.41

3.68
	0.97

1.60
	0.96

3.40
	1.09

4.72
	0.98

2.71
	1.25

1.38
	1.62

5.28
	1.05

1.34
	1.02

1.37
	0.87

4.45
	1.00

5.24
	0.97

3.29
	1.23

3.35
	0.88

3.42
	0.91

1.84
	1.32

2.52
	0.80

4.54
	1.76

1.98
	1.02

1.40
	0.98

3.39
	1.00

4.29
	0.76

7.73
	0.88

2.04
	0.94

1.16
	0.61


